1 1.989E+30 -6.401213478940837E+05 1.093301941674398E+06 5.429524940644682E+03 -1.230842189735255E+03 -3.789536248237984E+02 3.423245560271250E+01
2 0.33E+24 -5.361295080756778E+07 1.477390872239362E+07 5.982773599159887E+06 -1.925534605475261E+06 -3.895316384457716E+06 -1.417133480940675E+05
3 4.87E+24 -1.412622589232571E+07 1.078245240664832E+08 2.248174437808566E+06 -3.013448876521022E+06 -3.961070081138190E+05 1.684303074421305E+05
4 5.97E+24 -1.385683325048748E+08 5.518939763457818E+07 3.711333408605307E+03 -9.825927675874446E+05 -2.407017905922391E+06 1.149249479630328E+02
5 0.073E+24 -1.382053688216207E+08 5.536646634023736E+07 -2.981818704469875E+04 -1.020344421768333E+06 -2.332361960566050E+06 2.773345443164380E+03
6 0.642E+24 -1.040657028784240E+08 -2.011337072579814E+08 -1.694467642054707E+06 1.941522546259176E+06 -7.739047471690966E+05 -6.383929579604825E+04
7 1898E+24 1.421384905069116E+08 -7.645676363417934E+08 -8.875948124825954E+03 1.095903663259194E+06 2.601808990945133E+05 -2.559707271260644E+04
8 568E+24 6.093281564410919E+08 -1.369508921013362E+09 -4.442881588617563E+05 7.163138342272536E+05 3.367988118857986E+05 -3.434197179504736E+04
9 86.8E+24 2.406719652348658E+09 1.729624518780128E+09 -2.475547088303506E+07 -3.476904802347533E+05 4.503761846360339E+05 6.186316512508383E+03
10 102E+24 4.379621105986388E+09 -9.246107669713205E+08 -8.189214662558961E+07 9.391461352658676E+04 4.622271792814708E+05 -1.174424798033043E+04
11 0.0146E+24 1.966482505268175E+09 -4.687123960745647E+09 -6.727244029551744E+07 4.439542419644636E+05 8.286377337056678E+04 -1.354244217454677E+05
END 
